1,COUNT = 1669
1,3,COUNT = 1482
1,3,5,COUNT = 1376
1,3,5,7,COUNT = 1351
1,3,5,7,9,COUNT = 1224
1,3,5,7,9,17,COUNT = 1077
1,3,5,7,9,21,COUNT = 1040
1,3,5,7,17,COUNT = 1173
1,3,5,7,17,21,COUNT = 989
1,3,5,7,21,COUNT = 1142
1,3,5,9,COUNT = 1249
1,3,5,9,17,COUNT = 1101
1,3,5,9,21,COUNT = 1063
1,3,5,17,COUNT = 1197
1,3,5,17,21,COUNT = 1012
1,3,5,21,COUNT = 1165
1,3,7,COUNT = 1454
1,3,7,9,COUNT = 1309
1,3,7,9,17,COUNT = 1162
1,3,7,9,17,21,COUNT = 980
1,3,7,9,21,COUNT = 1110
1,3,7,11,COUNT = 1007
1,3,7,15,COUNT = 1049
1,3,7,15,17,COUNT = 1049
1,3,7,17,COUNT = 1276
1,3,7,17,21,COUNT = 1076
1,3,7,21,COUNT = 1229
1,3,9,COUNT = 1337
1,3,9,17,COUNT = 1189
1,3,9,17,21,COUNT = 1006
1,3,9,21,COUNT = 1136
1,3,11,COUNT = 1025
1,3,15,COUNT = 1064
1,3,15,17,COUNT = 1064
1,3,17,COUNT = 1303
1,3,17,19,COUNT = 972
1,3,17,21,COUNT = 1102
1,3,19,COUNT = 972
1,3,21,COUNT = 1255
1,5,COUNT = 1550
1,5,7,COUNT = 1519
1,5,7,9,COUNT = 1379
1,5,7,9,17,COUNT = 1205
1,5,7,9,17,21,COUNT = 1038
1,5,7,9,21,COUNT = 1195
1,5,7,11,COUNT = 1022
1,5,7,15,COUNT = 1050
1,5,7,15,17,COUNT = 1050
1,5,7,17,COUNT = 1311
1,5,7,17,19,COUNT = 1006
1,5,7,17,21,COUNT = 1127
1,5,7,19,COUNT = 1006
1,5,7,21,COUNT = 1310
1,5,9,COUNT = 1410
1,5,9,11,COUNT = 977
1,5,9,15,COUNT = 959
1,5,9,15,17,COUNT = 959
1,5,9,17,COUNT = 1234
1,5,9,17,21,COUNT = 1066
1,5,9,21,COUNT = 1223
1,5,11,COUNT = 1042
1,5,15,COUNT = 1065
1,5,15,17,COUNT = 1065
1,5,17,COUNT = 1340
1,5,17,19,COUNT = 1035
1,5,17,21,COUNT = 1155
1,5,19,COUNT = 1035
1,5,21,COUNT = 1338
1,7,COUNT = 1634
1,7,9,COUNT = 1472
1,7,9,11,COUNT = 1036
1,7,9,11,17,COUNT = 969
1,7,9,15,COUNT = 1037
1,7,9,15,17,COUNT = 1037
1,7,9,17,COUNT = 1298
1,7,9,17,19,COUNT = 959
1,7,9,17,21,COUNT = 1116
1,7,9,19,COUNT = 959
1,7,9,21,COUNT = 1273
1,7,11,COUNT = 1117
1,7,11,17,COUNT = 1031
1,7,15,COUNT = 1165
1,7,15,17,COUNT = 1165
1,7,15,17,21,COUNT = 984
1,7,15,21,COUNT = 984
1,7,17,COUNT = 1426
1,7,17,19,COUNT = 1067
1,7,17,21,COUNT = 1226
1,7,19,COUNT = 1067
1,7,21,COUNT = 1409
1,9,COUNT = 1507
1,9,11,COUNT = 1060
1,9,11,17,COUNT = 992
1,9,15,COUNT = 1056
1,9,15,17,COUNT = 1056
1,9,17,COUNT = 1331
1,9,17,19,COUNT = 992
1,9,17,21,COUNT = 1148
1,9,19,COUNT = 992
1,9,21,COUNT = 1305
1,11,COUNT = 1141
1,11,17,COUNT = 1054
1,11,21,COUNT = 978
1,15,COUNT = 1184
1,15,17,COUNT = 1184
1,15,17,21,COUNT = 1003
1,15,21,COUNT = 1003
1,17,COUNT = 1459
1,17,19,COUNT = 1100
1,17,21,COUNT = 1258
1,19,COUNT = 1100
1,21,COUNT = 1441
2,COUNT = 1527
2,3,COUNT = 1357
2,3,5,COUNT = 1263
2,3,5,7,COUNT = 1217
2,3,5,7,9,COUNT = 1103
2,3,5,9,COUNT = 1148
2,3,7,COUNT = 1311
2,3,7,9,COUNT = 1189
2,3,9,COUNT = 1234
2,3,17,COUNT = 969
2,5,COUNT = 1421
2,5,7,COUNT = 1340
2,5,7,9,COUNT = 1193
2,5,9,COUNT = 1273
2,7,COUNT = 1442
2,7,9,COUNT = 1283
2,7,17,COUNT = 996
2,9,COUNT = 1367
2,11,COUNT = 988
2,17,COUNT = 1041
3,COUNT = 2839
3,5,COUNT = 2639
3,5,7,COUNT = 2568
3,5,7,9,COUNT = 2327
3,5,7,9,11,COUNT = 1593
3,5,7,9,11,15,COUNT = 1227
3,5,7,9,11,15,17,COUNT = 1180
3,5,7,9,11,17,COUNT = 1379
3,5,7,9,11,17,19,COUNT = 1065
3,5,7,9,11,17,21,COUNT = 995
3,5,7,9,11,19,COUNT = 1065
3,5,7,9,11,21,COUNT = 1103
3,5,7,9,13,COUNT = 1317
3,5,7,9,13,17,COUNT = 1079
3,5,7,9,14,COUNT = 1010
3,5,7,9,15,COUNT = 1475
3,5,7,9,15,17,COUNT = 1394
3,5,7,9,15,17,19,COUNT = 1062
3,5,7,9,15,17,21,COUNT = 1042
3,5,7,9,15,19,COUNT = 1062
3,5,7,9,15,21,COUNT = 1042
3,5,7,9,17,COUNT = 1858
3,5,7,9,17,19,COUNT = 1440
3,5,7,9,17,19,21,COUNT = 969
3,5,7,9,17,21,COUNT = 1387
3,5,7,9,19,COUNT = 1440
3,5,7,9,19,21,COUNT = 969
3,5,7,9,21,COUNT = 1634
3,5,7,11,COUNT = 1695
3,5,7,11,15,COUNT = 1295
3,5,7,11,15,17,COUNT = 1248
3,5,7,11,15,17,19,COUNT = 985
3,5,7,11,15,19,COUNT = 985
3,5,7,11,17,COUNT = 1447
3,5,7,11,17,19,COUNT = 1131
3,5,7,11,17,21,COUNT = 1049
3,5,7,11,19,COUNT = 1131
3,5,7,11,21,COUNT = 1174
3,5,7,13,COUNT = 1368
3,5,7,13,17,COUNT = 1105
3,5,7,13,21,COUNT = 959
3,5,7,14,COUNT = 1200
3,5,7,15,COUNT = 1642
3,5,7,15,17,COUNT = 1561
3,5,7,15,17,19,COUNT = 1217
3,5,7,15,17,21,COUNT = 1182
3,5,7,15,19,COUNT = 1217
3,5,7,15,21,COUNT = 1182
3,5,7,17,COUNT = 2025
3,5,7,17,19,COUNT = 1595
3,5,7,17,19,21,COUNT = 1097
3,5,7,17,21,COUNT = 1527
3,5,7,19,COUNT = 1595
3,5,7,19,21,COUNT = 1097
3,5,7,20,COUNT = 973
3,5,7,21,COUNT = 1812
3,5,9,COUNT = 2397
3,5,9,11,COUNT = 1627
3,5,9,11,15,COUNT = 1242
3,5,9,11,15,17,COUNT = 1195
3,5,9,11,17,COUNT = 1405
3,5,9,11,17,19,COUNT = 1091
3,5,9,11,17,21,COUNT = 1012
3,5,9,11,19,COUNT = 1091
3,5,9,11,21,COUNT = 1120
3,5,9,13,COUNT = 1341
3,5,9,13,17,COUNT = 1080
3,5,9,14,COUNT = 1056
3,5,9,15,COUNT = 1490
3,5,9,15,17,COUNT = 1409
3,5,9,15,17,19,COUNT = 1077
3,5,9,15,17,21,COUNT = 1057
3,5,9,15,19,COUNT = 1077
3,5,9,15,21,COUNT = 1057
3,5,9,17,COUNT = 1905
3,5,9,17,19,COUNT = 1487
3,5,9,17,19,21,COUNT = 1000
3,5,9,17,21,COUNT = 1418
3,5,9,19,COUNT = 1487
3,5,9,19,21,COUNT = 1000
3,5,9,21,COUNT = 1665
3,5,11,COUNT = 1729
3,5,11,15,COUNT = 1310
3,5,11,15,17,COUNT = 1263
3,5,11,15,17,19,COUNT = 1000
3,5,11,15,19,COUNT = 1000
3,5,11,17,COUNT = 1473
3,5,11,17,19,COUNT = 1157
3,5,11,17,21,COUNT = 1066
3,5,11,19,COUNT = 1157
3,5,11,21,COUNT = 1191
3,5,13,COUNT = 1393
3,5,13,17,COUNT = 1106
3,5,13,21,COUNT = 959
3,5,14,COUNT = 1246
3,5,14,17,COUNT = 966
3,5,15,COUNT = 1657
3,5,15,17,COUNT = 1576
3,5,15,17,19,COUNT = 1232
3,5,15,17,21,COUNT = 1197
3,5,15,19,COUNT = 1232
3,5,15,21,COUNT = 1197
3,5,16,COUNT = 982
3,5,17,COUNT = 2072
3,5,17,19,COUNT = 1642
3,5,17,19,21,COUNT = 1128
3,5,17,21,COUNT = 1558
3,5,19,COUNT = 1642
3,5,19,21,COUNT = 1128
3,5,20,COUNT = 997
3,5,21,COUNT = 1843
3,7,COUNT = 2765
3,7,9,COUNT = 2498
3,7,9,11,COUNT = 1750
3,7,9,11,13,COUNT = 1001
3,7,9,11,15,COUNT = 1384
3,7,9,11,15,17,COUNT = 1337
3,7,9,11,15,17,19,COUNT = 1048
3,7,9,11,15,19,COUNT = 1048
3,7,9,11,17,COUNT = 1536
3,7,9,11,17,19,COUNT = 1194
3,7,9,11,17,21,COUNT = 1072
3,7,9,11,19,COUNT = 1194
3,7,9,11,21,COUNT = 1180
3,7,9,13,COUNT = 1433
3,7,9,13,15,COUNT = 1022
3,7,9,13,15,17,COUNT = 1022
3,7,9,13,17,COUNT = 1195
3,7,9,13,21,COUNT = 995
3,7,9,14,COUNT = 1065
3,7,9,15,COUNT = 1646
3,7,9,15,17,COUNT = 1565
3,7,9,15,17,19,COUNT = 1191
3,7,9,15,17,21,COUNT = 1133
3,7,9,15,19,COUNT = 1191
3,7,9,15,21,COUNT = 1133
3,7,9,17,COUNT = 2029
3,7,9,17,19,COUNT = 1569
3,7,9,17,19,21,COUNT = 1018
3,7,9,17,21,COUNT = 1478
3,7,9,19,COUNT = 1569
3,7,9,19,21,COUNT = 1018
3,7,9,21,COUNT = 1725
3,7,11,COUNT = 1872
3,7,11,13,COUNT = 1022
3,7,11,15,COUNT = 1472
3,7,11,15,17,COUNT = 1425
3,7,11,15,17,19,COUNT = 1128
3,7,11,15,17,21,COUNT = 996
3,7,11,15,19,COUNT = 1128
3,7,11,15,21,COUNT = 996
3,7,11,17,COUNT = 1624
3,7,11,17,19,COUNT = 1274
3,7,11,17,21,COUNT = 1137
3,7,11,19,COUNT = 1274
3,7,11,21,COUNT = 1262
3,7,13,COUNT = 1488
3,7,13,15,COUNT = 1052
3,7,13,15,17,COUNT = 1052
3,7,13,17,COUNT = 1225
3,7,13,21,COUNT = 1023
3,7,14,COUNT = 1277
3,7,14,17,COUNT = 997
3,7,15,COUNT = 1839
3,7,15,17,COUNT = 1758
3,7,15,17,19,COUNT = 1360
3,7,15,17,21,COUNT = 1290
3,7,15,19,COUNT = 1360
3,7,15,21,COUNT = 1290
3,7,17,COUNT = 2222
3,7,17,19,COUNT = 1738
3,7,17,19,21,COUNT = 1151
3,7,17,21,COUNT = 1635
3,7,19,COUNT = 1738
3,7,19,21,COUNT = 1151
3,7,20,COUNT = 1027
3,7,21,COUNT = 1920
3,9,COUNT = 2571
3,9,11,COUNT = 1787
3,9,11,13,COUNT = 1010
3,9,11,15,COUNT = 1402
3,9,11,15,17,COUNT = 1355
3,9,11,15,17,19,COUNT = 1066
3,9,11,15,19,COUNT = 1066
3,9,11,17,COUNT = 1565
3,9,11,17,19,COUNT = 1223
3,9,11,17,21,COUNT = 1092
3,9,11,19,COUNT = 1223
3,9,11,21,COUNT = 1200
3,9,13,COUNT = 1457
3,9,13,15,COUNT = 1022
3,9,13,15,17,COUNT = 1022
3,9,13,17,COUNT = 1196
3,9,13,21,COUNT = 995
3,9,14,COUNT = 1114
3,9,15,COUNT = 1664
3,9,15,17,COUNT = 1583
3,9,15,17,19,COUNT = 1209
3,9,15,17,21,COUNT = 1151
3,9,15,19,COUNT = 1209
3,9,15,21,COUNT = 1151
3,9,17,COUNT = 2079
3,9,17,19,COUNT = 1619
3,9,17,19,21,COUNT = 1052
3,9,17,21,COUNT = 1512
3,9,19,COUNT = 1619
3,9,19,21,COUNT = 1052
3,9,21,COUNT = 1759
3,11,COUNT = 1909
3,11,13,COUNT = 1031
3,11,15,COUNT = 1490
3,11,15,17,COUNT = 1443
3,11,15,17,19,COUNT = 1146
3,11,15,17,21,COUNT = 1014
3,11,15,19,COUNT = 1146
3,11,15,21,COUNT = 1014
3,11,17,COUNT = 1653
3,11,17,19,COUNT = 1303
3,11,17,21,COUNT = 1157
3,11,19,COUNT = 1303
3,11,21,COUNT = 1282
3,13,COUNT = 1513
3,13,15,COUNT = 1052
3,13,15,17,COUNT = 1052
3,13,17,COUNT = 1226
3,13,21,COUNT = 1023
3,14,COUNT = 1326
3,14,17,COUNT = 1046
3,15,COUNT = 1857
3,15,17,COUNT = 1776
3,15,17,19,COUNT = 1378
3,15,17,21,COUNT = 1308
3,15,19,COUNT = 1378
3,15,21,COUNT = 1308
3,16,COUNT = 982
3,17,COUNT = 2272
3,17,19,COUNT = 1788
3,17,19,21,COUNT = 1185
3,17,21,COUNT = 1669
3,19,COUNT = 1788
3,19,21,COUNT = 1185
3,20,COUNT = 1051
3,21,COUNT = 1954
5,COUNT = 2971
5,7,COUNT = 2859
5,7,9,COUNT = 2572
5,7,9,11,COUNT = 1727
5,7,9,11,13,COUNT = 990
5,7,9,11,15,COUNT = 1310
5,7,9,11,15,17,COUNT = 1261
5,7,9,11,15,17,19,COUNT = 1000
5,7,9,11,15,19,COUNT = 1000
5,7,9,11,17,COUNT = 1489
5,7,9,11,17,19,COUNT = 1175
5,7,9,11,17,21,COUNT = 1105
5,7,9,11,19,COUNT = 1175
5,7,9,11,21,COUNT = 1218
5,7,9,13,COUNT = 1463
5,7,9,13,15,COUNT = 976
5,7,9,13,15,17,COUNT = 976
5,7,9,13,17,COUNT = 1166
5,7,9,13,21,COUNT = 1028
5,7,9,14,COUNT = 1109
5,7,9,15,COUNT = 1590
5,7,9,15,17,COUNT = 1507
5,7,9,15,17,19,COUNT = 1153
5,7,9,15,17,21,COUNT = 1155
5,7,9,15,19,COUNT = 1153
5,7,9,15,21,COUNT = 1155
5,7,9,16,COUNT = 982
5,7,9,17,COUNT = 2019
5,7,9,17,19,COUNT = 1565
5,7,9,17,19,21,COUNT = 1094
5,7,9,17,21,COUNT = 1548
5,7,9,19,COUNT = 1565
5,7,9,19,21,COUNT = 1094
5,7,9,20,COUNT = 1007
5,7,9,21,COUNT = 1825
5,7,11,COUNT = 1853
5,7,11,13,COUNT = 1016
5,7,11,15,COUNT = 1393
5,7,11,15,17,COUNT = 1344
5,7,11,15,17,19,COUNT = 1081
5,7,11,15,17,21,COUNT = 1004
5,7,11,15,19,COUNT = 1081
5,7,11,15,21,COUNT = 1004
5,7,11,17,COUNT = 1572
5,7,11,17,19,COUNT = 1256
5,7,11,17,21,COUNT = 1174
5,7,11,19,COUNT = 1256
5,7,11,21,COUNT = 1308
5,7,12,COUNT = 1006
5,7,13,COUNT = 1535
5,7,13,15,COUNT = 1008
5,7,13,15,17,COUNT = 1008
5,7,13,17,COUNT = 1198
5,7,13,21,COUNT = 1060
5,7,14,COUNT = 1324
5,7,14,17,COUNT = 1007
5,7,14,21,COUNT = 975
5,7,15,COUNT = 1776
5,7,15,17,COUNT = 1693
5,7,15,17,19,COUNT = 1327
5,7,15,17,21,COUNT = 1314
5,7,15,19,COUNT = 1327
5,7,15,21,COUNT = 1314
5,7,16,COUNT = 1083
5,7,17,COUNT = 2205
5,7,17,19,COUNT = 1739
5,7,17,19,21,COUNT = 1241
5,7,17,21,COUNT = 1707
5,7,19,COUNT = 1739
5,7,19,21,COUNT = 1241
5,7,20,COUNT = 1120
5,7,21,COUNT = 2035
5,9,COUNT = 2683
5,9,11,COUNT = 1798
5,9,11,13,COUNT = 1018
5,9,11,15,COUNT = 1335
5,9,11,15,17,COUNT = 1286
5,9,11,15,17,19,COUNT = 1025
5,9,11,15,17,21,COUNT = 960
5,9,11,15,19,COUNT = 1025
5,9,11,15,21,COUNT = 960
5,9,11,17,COUNT = 1537
5,9,11,17,19,COUNT = 1223
5,9,11,17,21,COUNT = 1144
5,9,11,19,COUNT = 1223
5,9,11,21,COUNT = 1257
5,9,13,COUNT = 1509
5,9,13,15,COUNT = 978
5,9,13,15,17,COUNT = 978
5,9,13,17,COUNT = 1171
5,9,13,21,COUNT = 1032
5,9,14,COUNT = 1174
5,9,15,COUNT = 1615
5,9,15,17,COUNT = 1532
5,9,15,17,19,COUNT = 1178
5,9,15,17,21,COUNT = 1180
5,9,15,19,COUNT = 1178
5,9,15,21,COUNT = 1180
5,9,16,COUNT = 1068
5,9,17,COUNT = 2089
5,9,17,19,COUNT = 1635
5,9,17,19,21,COUNT = 1148
5,9,17,21,COUNT = 1602
5,9,19,COUNT = 1635
5,9,19,21,COUNT = 1148
5,9,20,COUNT = 1048
5,9,21,COUNT = 1879
5,11,COUNT = 1924
5,11,13,COUNT = 1044
5,11,15,COUNT = 1418
5,11,15,17,COUNT = 1369
5,11,15,17,19,COUNT = 1106
5,11,15,17,21,COUNT = 1029
5,11,15,19,COUNT = 1106
5,11,15,21,COUNT = 1029
5,11,17,COUNT = 1620
5,11,17,19,COUNT = 1304
5,11,17,21,COUNT = 1213
5,11,19,COUNT = 1304
5,11,21,COUNT = 1347
5,12,COUNT = 1047
5,13,COUNT = 1582
5,13,15,COUNT = 1010
5,13,15,17,COUNT = 1010
5,13,17,COUNT = 1203
5,13,21,COUNT = 1064
5,14,COUNT = 1389
5,14,17,COUNT = 1072
5,14,21,COUNT = 1025
5,15,COUNT = 1801
5,15,17,COUNT = 1718
5,15,17,19,COUNT = 1352
5,15,17,19,21,COUNT = 973
5,15,17,21,COUNT = 1339
5,15,19,COUNT = 1352
5,15,19,21,COUNT = 973
5,15,21,COUNT = 1339
5,16,COUNT = 1170
5,17,COUNT = 2275
5,17,19,COUNT = 1809
5,17,19,21,COUNT = 1295
5,17,21,COUNT = 1761
5,19,COUNT = 1809
5,19,21,COUNT = 1295
5,20,COUNT = 1162
5,21,COUNT = 2089
7,COUNT = 3076
7,9,COUNT = 2755
7,9,11,COUNT = 1896
7,9,11,13,COUNT = 1104
7,9,11,13,17,COUNT = 983
7,9,11,15,COUNT = 1479
7,9,11,15,17,COUNT = 1430
7,9,11,15,17,19,COUNT = 1141
7,9,11,15,17,21,COUNT = 1024
7,9,11,15,19,COUNT = 1141
7,9,11,15,21,COUNT = 1024
7,9,11,17,COUNT = 1658
7,9,11,17,19,COUNT = 1316
7,9,11,17,21,COUNT = 1194
7,9,11,19,COUNT = 1316
7,9,11,21,COUNT = 1307
7,9,13,COUNT = 1591
7,9,13,15,COUNT = 1104
7,9,13,15,17,COUNT = 1104
7,9,13,17,COUNT = 1294
7,9,13,17,19,COUNT = 1003
7,9,13,17,21,COUNT = 964
7,9,13,19,COUNT = 1003
7,9,13,21,COUNT = 1101
7,9,14,COUNT = 1164
7,9,15,COUNT = 1773
7,9,15,17,COUNT = 1690
7,9,15,17,19,COUNT = 1294
7,9,15,17,21,COUNT = 1258
7,9,15,19,COUNT = 1294
7,9,15,21,COUNT = 1258
7,9,16,COUNT = 982
7,9,17,COUNT = 2202
7,9,17,19,COUNT = 1706
7,9,17,19,21,COUNT = 1155
7,9,17,21,COUNT = 1651
7,9,19,COUNT = 1706
7,9,19,21,COUNT = 1155
7,9,20,COUNT = 1049
7,9,21,COUNT = 1928
7,11,COUNT = 2050
7,11,13,COUNT = 1137
7,11,13,17,COUNT = 998
7,11,15,COUNT = 1590
7,11,15,17,COUNT = 1541
7,11,15,17,19,COUNT = 1244
7,11,15,17,21,COUNT = 1112
7,11,15,19,COUNT = 1244
7,11,15,21,COUNT = 1112
7,11,17,COUNT = 1769
7,11,17,19,COUNT = 1419
7,11,17,21,COUNT = 1282
7,11,19,COUNT = 1419
7,11,21,COUNT = 1416
7,12,COUNT = 1026
7,13,COUNT = 1671
7,13,15,COUNT = 1144
7,13,15,17,COUNT = 1144
7,13,17,COUNT = 1334
7,13,17,19,COUNT = 1038
7,13,17,21,COUNT = 999
7,13,19,COUNT = 1038
7,13,21,COUNT = 1140
7,14,COUNT = 1405
7,14,17,COUNT = 1088
7,14,21,COUNT = 1023
7,15,COUNT = 1993
7,15,17,COUNT = 1910
7,15,17,19,COUNT = 1490
7,15,17,19,21,COUNT = 1022
7,15,17,21,COUNT = 1442
7,15,19,COUNT = 1490
7,15,19,21,COUNT = 1022
7,15,21,COUNT = 1442
7,16,COUNT = 1083
7,17,COUNT = 2422
7,17,19,COUNT = 1902
7,17,19,21,COUNT = 1315
7,17,21,COUNT = 1835
7,19,COUNT = 1902
7,19,21,COUNT = 1315
7,20,COUNT = 1174
7,21,COUNT = 2163
9,COUNT = 2874
9,11,COUNT = 1975
9,11,13,COUNT = 1136
9,11,13,17,COUNT = 992
9,11,15,COUNT = 1512
9,11,15,17,COUNT = 1463
9,11,15,17,19,COUNT = 1174
9,11,15,17,21,COUNT = 1057
9,11,15,19,COUNT = 1174
9,11,15,21,COUNT = 1057
9,11,17,COUNT = 1714
9,11,17,19,COUNT = 1372
9,11,17,21,COUNT = 1241
9,11,19,COUNT = 1372
9,11,21,COUNT = 1354
9,13,COUNT = 1641
9,13,15,COUNT = 1110
9,13,15,17,COUNT = 1110
9,13,17,COUNT = 1303
9,13,17,19,COUNT = 1012
9,13,17,21,COUNT = 972
9,13,19,COUNT = 1012
9,13,21,COUNT = 1109
9,14,COUNT = 1233
9,14,17,COUNT = 977
9,15,COUNT = 1806
9,15,17,COUNT = 1723
9,15,17,19,COUNT = 1327
9,15,17,21,COUNT = 1291
9,15,19,COUNT = 1327
9,15,21,COUNT = 1291
9,16,COUNT = 1068
9,17,COUNT = 2280
9,17,19,COUNT = 1784
9,17,19,21,COUNT = 1217
9,17,21,COUNT = 1713
9,19,COUNT = 1784
9,19,21,COUNT = 1217
9,20,COUNT = 1090
9,21,COUNT = 1990
11,COUNT = 2129
11,13,COUNT = 1169
11,13,17,COUNT = 1007
11,14,COUNT = 960
11,15,COUNT = 1623
11,15,17,COUNT = 1574
11,15,17,19,COUNT = 1277
11,15,17,21,COUNT = 1145
11,15,19,COUNT = 1277
11,15,21,COUNT = 1145
11,17,COUNT = 1825
11,17,19,COUNT = 1475
11,17,19,21,COUNT = 979
11,17,21,COUNT = 1329
11,19,COUNT = 1475
11,19,21,COUNT = 979
11,21,COUNT = 1463
12,COUNT = 1067
13,COUNT = 1722
13,15,COUNT = 1150
13,15,17,COUNT = 1150
13,17,COUNT = 1343
13,17,19,COUNT = 1047
13,17,21,COUNT = 1007
13,19,COUNT = 1047
13,21,COUNT = 1148
14,COUNT = 1474
14,17,COUNT = 1157
14,21,COUNT = 1077
15,COUNT = 2026
15,17,COUNT = 1943
15,17,19,COUNT = 1523
15,17,19,21,COUNT = 1055
15,17,21,COUNT = 1475
15,19,COUNT = 1523
15,19,21,COUNT = 1055
15,21,COUNT = 1475
16,COUNT = 1170
17,COUNT = 2500
17,19,COUNT = 1980
17,19,21,COUNT = 1377
17,21,COUNT = 1897
19,COUNT = 1980
19,21,COUNT = 1377
20,COUNT = 1216
21,COUNT = 2225
22,COUNT = 971
